0 0.3333333333333333 6000 2000
1 1.0 1000 1000
2 0.5 2000 1000
3 1.25 4000 5000
4 0.8 10000 8000
5 0.9375 32000 30000
6 0.9586776859504132 121000 116000
7 0.9168278529980658 517000 474000
8 0.978894472361809 1990000 1948000
9 0.05658005029337804 4772000 270000
10 0.5144472361809045 1592000 819000
11 0.6257739938080495 5168000 3234000
12 1.1682884945621064 10482000 12246000
13 1.899257358373187 25719000 48847000
14 3.255181500312495 59201000 192710000
15 5.560807457581651 149110000 829172000
16 7.008422590357272 505189000 3540578000
17 10.257287486717622 1578219000 16188246000
