1 1.0729166666666667 1920 2060
2 0.8669354838709677 2480 2150
3 0.46147919876733434 12980 5990
4 0.8051668460710442 18580 14960
5 0.9224652087475149 10060 9280
6 1.057301293900185 5410 5720
7 0.9972233240777469 25210 25140
8 1.0203145478374835 76300 77850
9 0.8263597316731818 414420 342460
10 1.3858623210216279 697710 966930
11 1.8937285671591892 1974190 3738580
12 2.5658647033759747 6055140 15536670
13 3.2856214097716028 18442420 60594810
14 4.660625740775446 59709390 278283120
15 6.017960284147259 172319100 1037009500
16 32.21701731307237 499115340 16080007550
17 35.08349321278116 1685342740 59127710580
