0 0.5 6000 3000
1 0.5 2000 1000
2 0.5 2000 1000
3 2.0 3000 6000
4 0.9 10000 9000
5 0.9411764705882353 34000 32000
6 0.9682539682539683 126000 122000
7 0.8338983050847457 590000 492000
8 1.0055668016194332 1976000 1987000
9 0.049953314659197015 4284000 214000
10 0.42502532928064846 1974000 839000
11 0.6972437553832903 4644000 3238000
12 1.2973513719512195 10496000 13617000
13 1.9099577503003993 25799000 49275000
14 3.0063169837935635 65221000 196075000
15 5.55260949823796 148975000 827200000
16 6.954571571132649 529096000 3679636000
17 10.235850855415434 1547143000 15836325000
